011111111111000000111000000100000000100000000100000000100000000100000000100000000
101111111111000000111000000010000000010000000010000000010000000010000000010000000
110111111111000000111000000001000000001000000001000000001000000001000000001000000
111011111000111000000111000000100000000100000000100000000100000000100000000100000
111101111000111000000111000000010000000010000000010000000010000000010000000010000
111110111000111000000111000000001000000001000000001000000001000000001000000001000
111111011000000111000000111000000100000000100000000100000000100000000100000000100
111111101000000111000000111000000010000000010000000010000000010000000010000000010
111111110000000111000000111000000001000000001000000001000000001000000001000000001
111000000011111111111000000100000000100000000100000000100000000100000000100000000
111000000101111111111000000010000000010000000010000000010000000010000000010000000
111000000110111111111000000001000000001000000001000000001000000001000000001000000
000111000111011111000111000000100000000100000000100000000100000000100000000100000
000111000111101111000111000000010000000010000000010000000010000000010000000010000
000111000111110111000111000000001000000001000000001000000001000000001000000001000
000000111111111011000000111000000100000000100000000100000000100000000100000000100
000000111111111101000000111000000010000000010000000010000000010000000010000000010
000000111111111110000000111000000001000000001000000001000000001000000001000000001
111000000111000000011111111100000000100000000100000000100000000100000000100000000
111000000111000000101111111010000000010000000010000000010000000010000000010000000
111000000111000000110111111001000000001000000001000000001000000001000000001000000
000111000000111000111011111000100000000100000000100000000100000000100000000100000
000111000000111000111101111000010000000010000000010000000010000000010000000010000
000111000000111000111110111000001000000001000000001000000001000000001000000001000
000000111000000111111111011000000100000000100000000100000000100000000100000000100
000000111000000111111111101000000010000000010000000010000000010000000010000000010
000000111000000111111111110000000001000000001000000001000000001000000001000000001
100000000100000000100000000011111111111000000111000000100000000100000000100000000
010000000010000000010000000101111111111000000111000000010000000010000000010000000
001000000001000000001000000110111111111000000111000000001000000001000000001000000
000100000000100000000100000111011111000111000000111000000100000000100000000100000
000010000000010000000010000111101111000111000000111000000010000000010000000010000
000001000000001000000001000111110111000111000000111000000001000000001000000001000
000000100000000100000000100111111011000000111000000111000000100000000100000000100
000000010000000010000000010111111101000000111000000111000000010000000010000000010
000000001000000001000000001111111110000000111000000111000000001000000001000000001
100000000100000000100000000111000000011111111111000000100000000100000000100000000
010000000010000000010000000111000000101111111111000000010000000010000000010000000
001000000001000000001000000111000000110111111111000000001000000001000000001000000
000100000000100000000100000000111000111011111000111000000100000000100000000100000
000010000000010000000010000000111000111101111000111000000010000000010000000010000
000001000000001000000001000000111000111110111000111000000001000000001000000001000
000000100000000100000000100000000111111111011000000111000000100000000100000000100
000000010000000010000000010000000111111111101000000111000000010000000010000000010
000000001000000001000000001000000111111111110000000111000000001000000001000000001
100000000100000000100000000100000000100000000100000000011111111111000000111000000
010000000010000000010000000010000000010000000010000000101111111111000000111000000
001000000001000000001000000001000000001000000001000000110111111111000000111000000
000100000000100000000100000000100000000100000000100000111011111000111000000111000
000010000000010000000010000000010000000010000000010000111101111000111000000111000
000001000000001000000001000000001000000001000000001000111110111000111000000111000
000000100000000100000000100000000100000000100000000100111111011000000111000000111
000000010000000010000000010000000010000000010000000010111111101000000111000000111
000000001000000001000000001000000001000000001000000001111111110000000111000000111
100000000100000000100000000100000000100000000100000000111000000011111111111000000
010000000010000000010000000010000000010000000010000000111000000101111111111000000
001000000001000000001000000001000000001000000001000000111000000110111111111000000
000100000000100000000100000000100000000100000000100000000111000111011111000111000
000010000000010000000010000000010000000010000000010000000111000111101111000111000
000001000000001000000001000000001000000001000000001000000111000111110111000111000
000000100000000100000000100000000100000000100000000100000000111111111011000000111
000000010000000010000000010000000010000000010000000010000000111111111101000000111
000000001000000001000000001000000001000000001000000001000000111111111110000000111
100000000100000000100000000100000000100000000100000000111000000111000000011111111
010000000010000000010000000010000000010000000010000000111000000111000000101111111
001000000001000000001000000001000000001000000001000000111000000111000000110111111
000100000000100000000100000000100000000100000000100000000111000000111000111011111
000010000000010000000010000000010000000010000000010000000111000000111000111101111
000001000000001000000001000000001000000001000000001000000111000000111000111110111
000000100000000100000000100000000100000000100000000100000000111000000111111111011
000000010000000010000000010000000010000000010000000010000000111000000111111111101
000000001000000001000000001000000001000000001000000001000000111000000111111111110 
